*1.18           *1.27           *1.51           *1.76           *1.78           *1.82           *2.02           *2.02           *2.27           *2.32           
*1.04            0.33            0.51            0.70            0.90            1.10            1.31            1.53            1.77           *2.35           
*0.82            0.69            0.85            1.03            1.21            1.40            1.59            1.81            2.03           *2.52           
 1.04           *0.61            1.33            1.48            1.65            1.83            2.01            2.22            2.43           *2.59           
 1.58            1.69           *0.52            1.96            2.11            2.27            2.45            2.64            2.85           *2.67           
 2.01            2.10            2.20           *0.40            2.44            2.59            2.75            2.93            3.12           *3.07           
 2.20            2.26            2.33            2.42           *0.20            2.65            2.79            2.95           *3.12            3.32           
 2.05            2.07            2.12            2.18            2.25           *0.15            2.46           *3.34            2.74            2.90           
 1.54            1.54            1.55            1.59            1.64            1.70           *0.00            1.87            1.97            2.08           
 0.82            0.80            0.80            0.81            0.83            0.86            0.90            0.94            0.99            1.04           
